1	Berkeley 58 	0.001 60.96
2	Berkeley 59 	0.037 67.42
3	Blanco 1 	0.055 -30.14
4	Alessi 20 	0.176 58.76
5	Mayer 1 	0.365 61.74
6	Stock 20 	0.421 62.62
7	Stock 21 	0.497 57.92
8	NGC 129 	0.500 60.22
9	NGC 146 	0.551 63.30
10	NGC 225 	0.728 61.78
11	Berkeley 4 	0.758 64.40
12	IC 1590 (NGC 281) 	0.880 56.63
13	Alessi 1 	0.891 49.57
14	NGC 381 	1.139 61.60
15	Platais 2 	1.217 32.08
16	NGC 433 	1.253 60.13
17	NGC 457 	1.326 58.30
18	NGC 581 (M 103) 	1.556 60.65
19	NGC 637 	1.718 64.04
20	NGC 654 	1.733 61.88
21	NGC 659 	1.740 60.67
22	NGC 663 	1.769 61.24
23	Collinder 463 	1.782 71.80
24	Stock 4 	1.883 57.07
25	NGC 752 	1.961 37.78
26	NGC 744 	1.976 55.47
27	Stock 5 	2.075 64.36
28	Stock 2 	2.240 59.27
29	NGC 869 (h Per) 	2.318 57.15
30	NGC 884 (chi Per) 	2.367 57.14
31	NGC 886 	2.391 63.77
32	Stock 7 (Markarian 6) 	2.494 60.71
33	IC 1805 	2.545 61.45
34	NGC 957 	2.556 57.56
35	Trumpler 2 	2.615 55.92
36	NGC 1039 (M 34) 	2.701 42.76
37	NGC 1027 	2.711 61.63
38	IC 1848 	2.853 60.43
39	Collinder 33 	2.988 60.40
40	Trumpler 3 (Harvard 1) 	3.197 63.19
41	Stock 23 	3.270 60.05
42	Melotte 20 (alpha Per) 	3.433 49.12
43	King 6 	3.468 56.45
44	Alessi 13 	3.470 -35.90
45	NGC 1342 	3.527 37.34
46	IC 348 	3.743 32.16
47	Melotte 22 (Pleiades, M45) 	3.789 24.12
48	Tombaugh 5 	3.797 59.05
49	NGC 1502 	4.131 62.33
50	NGC 1528 	4.256 51.22
51	NGC 1545 	4.349 50.25
52	NGC 1582 	4.526 43.80
53	Platais 3 	4.590 71.58
54	NGC 1647 	4.765 19.11
55	Alessi 2 	4.771 55.23
56	NGC 1662 	4.807 10.94
57	NGC 1664 	4.853 43.66
58	Berkeley 14A 	5.007 43.48
59	NGC 1708 	5.057 52.85
60	NGC 1746 	5.064 23.77
61	Platais 4 	5.115 22.37
62	NGC 1778 	5.134 37.02
63	NGC 1802 	5.171 24.14
64	NGC 1817 	5.204 16.69
65	NGC 1901 	5.304 -68.44
66	NGC 1893 	5.379 33.41
67	NGC 1896 	5.428 29.30
68	Collinder 65 	5.435 15.70
69	NGC 1907 	5.468 35.33
70	Stock 8 	5.469 34.42
71	NGC 1912 (M 38) 	5.479 35.83
72	Collinder 69 (lambda Ori) 	5.586 9.70
73	NGC 1981 	5.586 -4.40
74	NGC 1976 (Trapezium) 	5.588 -5.39
75	NGC 1977 	5.590 -4.82
76	NGC 1980 	5.590 -5.91
77	Collinder 70 	5.592 -1.10
78	NGC 1960 (M 36) 	5.605 34.14
79	NGC 1996 	5.634 25.77
80	Sigma Ori 	5.645 -2.61
81	Stock 10 	5.650 37.93
82	NGC 2099 (M 37) 	5.872 32.55
83	Basel 11B 	5.970 21.97
84	NGC 2129 	6.018 23.32
85	NGC 2143 	6.052 5.77
86	NGC 2169 	6.140 13.97
87	NGC 2168 (M 35) 	6.152 24.35
88	NGC 2180 	6.163 4.81
89	NGC 2184 	6.187 -3.44
90	NGC 2186 	6.202 5.46
91	Platais 6 	6.257 3.92
92	NGC 2202 	6.281 6.00
93	Collinder 89 	6.325 23.30
94	NGC 2215 	6.347 -7.28
95	NGC 2232 	6.465 -4.80
96	Collinder 95 	6.518 9.90
97	Collinder 97 	6.522 5.95
98	NGC 2244 	6.532 4.94
99	NGC 2240 	6.553 35.25
100	Basel 8 	6.570 8.01
101	NGC 2252 	6.575 5.37
102	NGC 2251 	6.577 8.37
103	Ruprecht 1 	6.607 -14.18
104	Collinder 106 	6.623 5.95
105	Collinder 107 	6.642 4.63
106	Collinder 110A 	6.650 2.02
107	NGC 2264 (S Mon) 	6.683 9.88
108	NGC 2269 	6.720 4.62
109	NGC 2270 	6.733 3.48
110	NGC 2287 (M 41) 	6.767 -20.76
111	NGC 2281 	6.805 41.08
112	NGC 2301 	6.863 0.46
113	NGC 2302 	6.865 -7.08
114	NGC 2306 	6.908 -7.22
115	Collinder 121 	6.912 -24.30
116	NGC 2311 	6.963 -4.61
117	NGC 2319 	7.012 3.04
118	NGC 2323 (M 50) 	7.045 -8.37
119	vdBergh 92 	7.065 -11.49
120	NGC 2335 	7.114 -10.03
121	Ruprecht 12 	7.122 -28.22
122	NGC 2343 	7.135 -10.62
123	NGC 2345 	7.138 -13.19
124	Haffner 23 	7.155 -16.92
125	Alessi 21 	7.180 -9.34
126	Collinder 132 	7.226 -31.03
127	NGC 2354 	7.235 -25.69
128	NGC 2353 	7.242 -10.27
129	Alessi 3 	7.272 -46.61
130	NGC 2358 	7.282 -17.15
131	Basel 11A 	7.285 -13.97
132	NGC 2360 	7.295 -15.64
133	Collinder 135 	7.297 -37.16
134	NGC 2362 	7.311 -24.99
135	NGC 2367 	7.335 -21.89
136	Collinder 140 	7.388 -32.06
137	NGC 2374 	7.399 -13.26
138	NGC 2383 	7.411 -20.95
139	NGC 2384 	7.419 -21.02
140	Trumpler 7 	7.456 -23.95
141	NGC 2396 	7.467 -11.72
142	Bochum 5 	7.517 -16.93
143	Bochum 4 	7.527 -17.19
144	NGC 2413 	7.552 -13.04
145	NGC 2414 	7.554 -15.45
146	NGC 2421 	7.604 -20.61
147	NGC 2422 	7.610 -14.48
148	NGC 2423 	7.618 -13.87
149	Ruprecht 26 	7.620 -15.65
150	Melotte 71 	7.625 -12.07
151	Ruprecht 27 	7.625 -26.53
152	NGC 2428 	7.657 -16.53
153	NGC 2430 	7.660 -16.35
154	ESO 493-03 	7.662 -27.29
155	Haffner 13 	7.675 -30.08
156	NGC 2439 	7.679 -31.69
157	NGC 2432 	7.688 -19.15
158	Ruprecht 151 	7.688 -16.29
159	NGC 2451A 	7.688 -38.53
160	NGC 2437 (M 46) 	7.695 -14.81
161	Ruprecht 31 	7.716 -35.60
162	NGC 2451B 	7.741 -37.67
163	NGC 2447 (M 93) 	7.743 -23.86
164	NGC 2448 	7.743 -24.68
165	Ruprecht 34 	7.765 -20.38
166	Haffner 16 	7.839 -25.46
167	NGC 2477 	7.869 -38.53
168	ESO 123-26 	7.870 -60.36
169	NGC 2467 	7.871 -26.44
170	NGC 2479 	7.918 -17.71
171	NGC 2482 	7.920 -24.26
172	NGC 2483 	7.927 -27.90
173	Trumpler 9 	7.928 -25.88
174	NGC 2489 	7.938 -30.06
175	NGC 2516 	7.968 -60.75
176	Ruprecht 44 	7.981 -28.58
177	Ruprecht 43 	7.988 -28.90
178	NGC 2506 	8.000 -10.77
179	Ruprecht 47 	8.039 -31.07
180	NGC 2527 	8.083 -28.15
181	ESO 430-18 	8.114 -30.84
182	Vel OB2 	8.159 -47.90
183	NGC 2547 	8.169 -49.22
184	NGC 2539 	8.178 -12.84
185	Ruprecht 53 	8.180 -27.00
186	NGC 2546 	8.199 -37.61
187	Ruprecht 55 	8.208 -32.58
188	Ruprecht 56 	8.209 -40.47
189	NGC 2548 	8.229 -5.75
190	vdBergh-Hagen 23 	8.235 -36.36
191	Haffner 26 	8.261 -30.83
192	NGC 2567 	8.309 -30.64
193	NGC 2571 	8.316 -29.75
194	Collinder 185 	8.389 -36.33
195	vdBergh-Hagen 34 	8.521 -44.50
196	Pismis 4 	8.577 -44.48
197	NGC 2627 	8.621 -29.95
198	Ruprecht 64 	8.622 -40.15
199	Pismis 6 	8.651 -46.23
200	Ruprecht 65 	8.654 -44.05
201	NGC 2632 (Praesepe, M 44) 	8.673 19.69
202	IC 2391 	8.676 -53.03
203	Ruprecht 67 	8.694 -43.37
204	Mamajek 1 	8.702 -79.03
205	IC 2395 	8.708 -48.11
206	NGC 2659 	8.710 -44.98
207	Bochum 7 	8.747 -45.97
208	NGC 2670 	8.758 -48.80
209	NGC 2669 	8.774 -52.93
210	Trumpler 10 	8.795 -42.45
211	Ruprecht 71 	8.823 -46.85
212	NGC 2682 (M 67) 	8.857 11.80
213	vdBergh-Hagen 56 	8.952 -43.25
214	Collinder 205 (Markarian 18) 	9.009 -48.99
215	ESO 165-09 	9.087 -55.96
216	Platais 8 	9.130 -59.14
217	ESO 166-04 	9.175 -53.89
218	Platais 9 	9.236 -44.14
219	vdBergh-Hagen 66 	9.422 -54.72
220	IC 2488 	9.461 -57.00
221	Ruprecht 78 	9.486 -53.70
222	NGC 2910 	9.508 -52.92
223	Turner 5 	9.542 -36.47
224	NGC 2925 	9.553 -53.37
225	Ruprecht 79 	9.683 -53.85
226	Ruprecht 80 	9.701 -44.02
227	Ruprecht 82 	9.763 -54.00
228	NGC 3033 	9.810 -56.42
229	Ruprecht 84 	9.819 -65.25
230	NGC 3036 	9.821 -62.67
231	Pismis 16 	9.854 -53.17
232	Collinder 213 	9.910 -50.92
233	Ruprecht 85 	10.026 -55.02
234	NGC 3114 	10.033 -60.10
235	Loden 28 	10.053 -58.15
236	Loden 1 	10.084 -55.80
237	Trumpler 12 	10.108 -60.30
238	Hogg 6 	10.110 -60.50
239	Ruprecht 161 	10.146 -61.29
240	vdBergh-Hagen 91 	10.288 -58.70
241	NGC 3228 	10.356 -51.73
242	Loden 46 	10.386 -54.84
243	IC 2581 	10.458 -57.63
244	Ruprecht 89 	10.474 -58.14
245	Loden 143 	10.474 -58.78
246	Loden 89 	10.487 -56.78
247	Loden 59 	10.505 -54.06
248	Collinder 223 	10.506 -59.82
249	Ruprecht 90 	10.530 -58.24
250	Loden 112 	10.540 -56.70
251	Loden 153 	10.578 -58.13
252	Bochum 9 	10.596 -60.12
253	NGC 3293 	10.597 -58.23
254	NGC 3324 	10.622 -58.64
255	vdBergh-Hagen 99 	10.631 -59.13
256	NGC 3330 (Harvard 4) 	10.647 -54.12
257	ESO 062-11 	10.649 -69.03
258	Melotte 101 	10.703 -65.10
259	IC 2602 (theta Car) 	10.706 -64.40
260	Bochum 10 	10.707 -59.13
261	Alessi 5 	10.719 -61.17
262	Collinder 228 	10.730 -60.09
263	Trumpler 14 	10.732 -59.55
264	Trumpler 15 	10.745 -59.37
265	Trumpler 16 (eta Car) 	10.753 -59.72
266	Ruprecht 91 	10.794 -57.47
267	Loden 189 	10.839 -56.42
268	Ruprecht 92 	10.886 -61.71
269	ESO 128-16 	10.895 -58.24
270	Trumpler 17 	10.940 -59.20
271	Collinder 236 	10.955 -61.11
272	Bochum 12 	10.957 -61.72
273	NGC 3496 	10.993 -60.39
274	Pismis 17 	11.018 -59.87
275	Ruprecht 93 	11.073 -61.37
276	NGC 3532 	11.100 -58.73
277	Loden 306 	11.100 -61.13
278	Feinstein 1 	11.117 -59.82
279	vdBergh-Hagen 111 	11.154 -63.83
280	Loden 309 	11.161 -60.58
281	NGC 3572 	11.174 -60.25
282	Basel 17 	11.175 -59.03
283	Trumpler 18 	11.192 -60.67
284	NGC 3590 	11.217 -60.78
285	Stock 13 	11.218 -58.88
286	IC 2714 	11.291 -62.73
287	NGC 3680 	11.427 -43.24
288	Ruprecht 94 	11.512 -63.45
289	Ruprecht 164 	11.514 -60.73
290	Loden 372 	11.515 -58.48
291	Loden 402 	11.545 -60.72
292	IC 2944 	11.602 -62.95
293	NGC 3766 	11.604 -61.61
294	vdBergh-Hagen 121 	11.635 -63.33
295	IC 2948 	11.656 -63.48
296	Stock 14 	11.730 -62.52
297	Ruprecht 96 	11.844 -62.14
298	Loden 481 	11.866 -61.28
299	Loden 480 	11.933 -58.40
300	Ruprecht 98 	11.978 -64.58
301	NGC 4052 	12.020 -63.22
302	Ruprecht 99 	12.055 -63.88
303	NGC 4103 	12.111 -61.25
304	ESO 130-06 	12.129 -59.30
305	Loden 565 	12.135 -60.72
306	ESO 130-08 	12.172 -59.52
307	Loden 615 	12.344 -64.78
308	Melotte 111 (Coma Ber) 	12.375 25.85
309	NGC 4349 	12.404 -61.87
310	Collinder 258 (vdBergh-Hagen 133)	12.453 -60.77
311	NGC 4439 	12.474 -60.10
312	Hogg 23 	12.477 -60.91
313	NGC 4463 	12.499 -64.79
314	Ruprecht 105 	12.571 -61.57
315	NGC 4609 	12.705 -62.99
316	Loden 682 	12.788 -60.65
317	Loden 694 	12.884 -60.75
318	NGC 4755 (kappa Cru) 	12.894 -60.36
319	NGC 4852 	13.002 -59.59
320	NGC 5045 	13.236 -63.39
321	NGC 5043 	13.269 -60.07
322	Stock 16 	13.313 -62.51
323	Collinder 269 	13.392 -66.18
324	Loden 821 	13.400 -59.79
325	Loden 807 	13.411 -62.50
326	NGC 5138 	13.454 -59.03
327	Basel 18 	13.468 -62.35
328	Hogg 16 	13.488 -61.20
329	Collinder 272 	13.507 -61.32
330	NGC 5168 	13.518 -60.94
331	Ruprecht 108 	13.537 -58.47
332	Trumpler 21 	13.537 -62.80
333	Loden 915 	13.568 -59.25
334	Platais 10 	13.695 -59.21
335	Loden 1010 	13.747 -60.25
336	NGC 5281 	13.776 -62.92
337	Platais 12 	13.875 -63.37
338	NGC 5316 	13.899 -61.87
339	Loden 995 	13.905 -64.95
340	Loden 1171 	13.990 -58.38
341	Lynga 1 	14.001 -62.15
342	NGC 5359 	14.002 -70.39
343	Ruprecht 110 	14.091 -67.47
344	Loden 1194 	14.095 -59.72
345	NGC 5460 	14.124 -48.34
346	Loden 1225 	14.151 -59.72
347	Ruprecht 167 	14.303 -58.97
348	Loden 1256 	14.303 -61.43
349	ESO 175-06 	14.312 -56.92
350	Lynga 2 	14.406 -61.33
351	NGC 5593 	14.427 -54.80
352	NGC 5606 	14.463 -59.63
353	NGC 5617 	14.496 -60.71
354	Trumpler 22 	14.517 -61.17
355	NGC 5662 	14.594 -56.62
356	Alessi 6 	14.671 -66.12
357	vdBergh-Hagen 164 	14.804 -66.34
358	NGC 5749 	14.815 -54.50
359	Hogg 18 	14.845 -52.27
360	NGC 5822 	15.073 -54.40
361	NGC 5823 	15.092 -55.60
362	Alessi 8 	15.493 -51.23
363	Loden 2313 	15.680 -52.48
364	Collinder 292 	15.831 -57.62
365	Ruprecht 113 	15.958 -59.49
366	NGC 6025 	16.055 -60.43
367	Nor OB5 	16.176 -49.04
368	Lynga 7 	16.179 -55.29
369	NGC 6067 	16.220 -54.22
370	Harvard 10 (Collinder 299) 	16.313 -54.93
371	NGC 6087 	16.314 -57.94
372	Ruprecht 116 	16.389 -52.00
373	NGC 6124 	16.422 -40.65
374	NGC 6134 	16.463 -49.15
375	Ruprecht 119 	16.471 -51.50
376	NGC 6152 	16.545 -52.64
377	NGC 6167 	16.576 -49.77
378	NGC 6178 	16.596 -45.64
379	NGC 6192 	16.673 -43.37
380	NGC 6193 	16.689 -48.76
381	NGC 6200 	16.735 -47.46
382	NGC 6204 	16.769 -47.02
383	Hogg 22 	16.777 -47.08
384	NGC 6208 	16.824 -53.73
385	NGC 6231 	16.904 -41.83
386	ESO 332-08 	16.912 -40.71
387	NGC 6242 	16.926 -39.46
388	vdBergh-Hagen 205 	16.936 -40.67
389	NGC 6249 	16.961 -44.81
390	NGC 6250 	16.966 -45.94
391	NGC 6268 	17.036 -39.73
392	NGC 6281 	17.078 -37.99
393	Sco OB4 	17.210 -33.37
394	Bochum 13 	17.290 -35.55
395	NGC 6322 	17.307 -42.93
396	vdBergh-Hagen 221 	17.311 -32.34
397	IC 4651 	17.414 -49.93
398	Trumpler 26 	17.476 -29.50
399	Antalova 1 	17.482 -31.57
400	Ruprecht 125 	17.494 -40.47
401	Collinder 333 	17.525 -34.02
402	NGC 6383 	17.580 -32.57
403	Trumpler 27 	17.606 -33.52
404	Trumpler 28 	17.617 -32.48
405	ESO 139-13 	17.628 -58.13
406	Collinder 338 	17.635 -37.72
407	NGC 6400 	17.670 -36.95
408	NGC 6405 (M 6) 	17.672 -32.20
409	Trumpler 29 (Harvard 17) 	17.692 -40.15
410	Alessi 9 	17.732 -47.18
411	NGC 6416 	17.739 -32.36
412	IC 4665 	17.772 5.72
413	NGC 6425 	17.784 -31.53
414	Collinder 350 	17.802 1.35
415	Ruprecht 131 	17.821 -29.25
416	NGC 6444 	17.826 -34.82
417	Basel 5 	17.874 -30.10
418	Sco OB5 	17.876 -38.64
419	NGC 6469 	17.887 -22.32
420	NGC 6475 (M 7) 	17.897 -34.79
421	Trumpler 30 	17.946 -35.27
422	NGC 6494 (M 23) 	17.951 -18.99
423	Collinder 359 (Melotte 186) 	18.011 2.93
424	Ruprecht 139 	18.017 -23.53
425	NGC 6514 	18.045 -22.97
426	NGC 6520 	18.057 -27.89
427	NGC 6531 (M 21) 	18.070 -22.49
428	NGC 6530 	18.075 -24.36
429	NGC 6546 	18.126 -23.33
430	vdBergh 113 	18.148 -21.42
431	ESO 521-38 	18.157 -24.53
432	Collinder 367 	18.162 -23.66
433	NGC 6561 	18.175 -16.73
434	NGC 6568 	18.212 -21.60
435	Sgr OB7 	18.248 -20.40
436	Markarian 38 	18.259 -19.00
437	NGC 6596 	18.292 -16.65
438	Dias 5 	18.294 -19.67
439	NGC 6604 	18.301 -12.24
440	NGC 6603 (M 24) 	18.307 -18.43
441	NGC 6611 (M 16) 	18.313 -13.81
442	Alessi 19 	18.318 12.18
443	NGC 6613 (M 18) 	18.333 -17.10
444	NGC 6618 (M 17) 	18.343 -16.19
445	Trumpler 33 	18.412 -19.72
446	NGC 6633 	18.454 6.51
447	NGC 6639 	18.516 -13.15
448	Ruprecht 141 	18.522 -12.32
449	IC 4725 (M 25) 	18.528 -19.12
450	IC 4756 	18.649 5.45
451	NGC 6694 (M 26) 	18.755 -9.38
452	Ruprecht 145 	18.843 -18.22
453	NGC 6705 (M 11) 	18.851 -6.27
454	NGC 6709 	18.855 10.32
455	Collinder 394 	18.874 -20.20
456	Stephenson 1 	18.900 36.82
457	NGC 6716 	18.909 -19.90
458	NGC 6728 	18.979 -8.97
459	NGC 6738 	19.022 11.61
460	Ruprecht 147 	19.278 -16.30
461	NGC 6793 	19.387 22.14
462	NGC 6800 	19.452 25.14
463	Stock 1 	19.597 25.22
464	NGC 6811 	19.621 46.39
465	NGC 6823 	19.719 23.30
466	Turner 9 	19.747 29.26
467	Roslund 1 	19.750 17.52
468	Roslund 2 	19.757 23.92
469	NGC 6828 	19.838 7.90
470	NGC 6830 	19.850 23.10
471	Roslund 3 	19.978 20.48
472	Dolidze 36 	20.040 42.15
473	NGC 6866 	20.065 44.16
474	Alessi 10 	20.079 -10.48
475	Dolidze 38 	20.093 41.20
476	NGC 6871 	20.100 35.78
477	Biurakan 1 	20.125 35.70
478	Biurakan 2 	20.153 35.48
479	Roslund 5 	20.173 33.80
480	NGC 6883 	20.189 35.83
481	Ruprecht 172 	20.193 35.60
482	NGC 6882 	20.196 26.81
483	IC 4996 	20.275 37.63
484	Collinder 419 	20.300 40.72
485	Berkeley 86 	20.340 38.70
486	NGC 6910 	20.387 40.78
487	Collinder 421 	20.388 41.70
488	NGC 6913 (M 29) 	20.399 38.51
489	Roslund 6 	20.480 39.26
490	Cyg OB2 	20.554 41.31
491	NGC 6940 	20.574 28.28
492	Alessi 12 	20.725 23.78
493	Roslund 7 	20.873 37.90
494	NGC 6991 	20.909 47.45
495	NGC 7039 	21.180 45.62
496	NGC 7058 	21.365 50.82
497	NGC 7063 	21.406 36.49
498	NGC 7082 	21.483 47.13
499	NGC 7092 (M 39) 	21.530 48.45
500	IC 1396 (Trumpler 37) 	21.649 57.49
501	NGC 7160 	21.894 62.60
502	NGC 7209 	22.088 46.48
503	NGC 7235 	22.207 57.27
504	NGC 7243 	22.252 49.90
505	IC 1442 	22.275 54.05
506	Pismis-Moreno 1 	22.313 63.27
507	NGC 7281 	22.422 57.82
508	NGC 7380 	22.785 58.12
509	NGC 7438 	22.956 54.34
510	Cep OB3 	23.070 63.40
511	NGC 7510 	23.184 60.57
512	NGC 7654 (M 52) 	23.413 61.59
513	Czernik 43 	23.430 61.32
514	Stock 12 	23.593 52.69
515	Aveni-Hunter 1 	23.630 48.52
516	King 12 	23.883 61.97
517	NGC 7788 	23.946 61.40
518	NGC 7789 	23.954 56.71
519	Frolov 1 	23.957 61.63
520	NGC 7790 	23.973 61.21
